695
354 140
219 103
784 12
1 24
350
903
346 584
708 896
116
401
74 650
422
512
635
169
142 73
881
0
264
562
861
806
8
271
718 603
801
13 868
71
669 380
247 50
457 393
595
958
488 727
257
794
202 185
246
859 268
825
534
430 90
938 283
599
438
587
291
701
153
620
123
615
337
818
65
222 855
301 683
234
905 900
982
726
997 236
798
602 304
625
492
171
809 575
218
979
687 978
302 431
386
445
17 550
983 411
791 294
203 277
837
698
946
53
931 702
68
699
265 874
954 883
143
733 444
31
802 429
616 93
407
817
911
691 671
156
366
167 944
110 854
909
960
503
410
387 999
458
719 231
720
638 618
773
706 117
415
397 416
890 322
371
7 197
610 533
971 312
927
581
755 326
237
418
396 320
190
344
685
310
209 77
648 519
308 589
744
826 783
617
557 725
623 223
835
814
331
591 666
37
592 757
892
763
980
47
679 751
659
509 163
961
285
689
499 962
730 235
78 276
296 970
894
99
510
409
568
195
127 759
144
293 856
84
33 221
758
955 136
16 559
176 832
490
89 453
179 565
168
928
297
873
92 414
703
267 211
553
664
439 886
14 216
788
548
799 668
637
412 424
64
752
769
942 342
695
72
486 502
823 692
461
324
647 998
220 260
46
15
28 256
709
516 682
56 505
537
108
629 332
114
521
489 55
49
472 901
714
840
904
658 402
345
11 964
262
124
48 172
993
969 311
672 787
452
697
775 570
717
552
808
661
530 713
478
86
363
36
614 253
150
613 184
91
388
922 484
957
315 869
753
384
626 252
862
38 274
378 545
937
857
609
420 148
812 79
956
442 764
572
710
405
918
4 188
735
61
204
514 743
82
681
356 649
690 102
934
781
716
907 827
467 334
839 657
715
677 495
953
842 340
932
373
106 925
196 408
160
462 446
850 665
471
796
573
189 987
590
882
468 767
820 749
762
298 893
390
670
741 977
399
112 810
651
413
578
109 593
803 174
230 779
576 585
343
29 865
63 899
984
525
663 745
513
511
748 210
245 113
792 736
255 441
919
793
813
981
425 162
336
208 656
96
916
151
449
367 290
105
483 426
18
822 641
515 279
134
295
880 761
870 795
566
251 768
688 879
263
242
631
130
359
229 170
598
428
400 636
335
678 845
596 83
233 780
456 558
365
333 351
377 580
915
421 132
30
991
843 225
974
547
878 454
884
734 406
111 646
549 985
175
860 621
804 540
951 157
57
149 561
182
455
766 704
270
118
463 611
306
419
564
259
867 361
786 42
508 833
705
318
161
908 923
675
630
772 353
941
389 379
712 594
902
774
728 98
135 41
693 574
583
243
936 395
487
924 645
910
180
254 863
612
80
34 178
608
129
895 95
244
349 943
622
624
673
66
469
199
94
538 619
582
23 22
45 797
535
485 307
165
362 158
76
101
206
546 917
391 815
152
59
141 877
477 67
427
370 847
871
606 778
950 352
227
6
319 722
729 3
241 501
700
506 198
563
986 139
577
434
507 35
497 205
935 852
976 605
480 824
528
828
684
58
967
963 556
339
417
193 554
448 325
481
248
885
341
600
872
754 200
394
831 145
639 696
912
201 838
398
107 21
403
465
849 740
898
491 746
652 875
27
789
966 785
9 858
529
654 994
44
674
640 437
321
992 634
920
226
518
536 88
891
19 747
543
432
327
482
836 146
10
653
466
906 214
147
811 62
493 26
522
183
376
328 889
707 819
551 897
996
374 177
314 470
737
542
138
520 269
115
959 841
498
360 601
266
644 721
834
777 215
607
375
330
20
805
676
527
604 381
348 39
316 299
60 642
776 771
217 433
372
643
238
544
87 309
711
85
369 261
364 385
288
69
988
382
250
258 450
186 800
464
154 913
284 829
731
273
282 133
517
313 479
494
173
212 423
680 292
119
579
435 864
694 569
926 286
338
459
275 240
947
765
989 440
281 914
476
586
358 272
888 597
191
131
531 447
54
122 300
571
846
181 930
249
504 404
70 137
662
844 866
853
851 213
560 159
770
990
355
816
939 25
742 973
876
81 790
303 732
628
126
933 192
921 121
166 952
2
555 317
164 948
278 155
940
541 232
830 100
43 588
750
207
323 526
228 782
660
329 723
995
51
120 887
451 460
368
280
500 632
128
807 125
968
474
821 443
949
357 539
32
97
724 739
975 287
523
496
627 965
52
383
224
436 655
104
760
187 475
40
347 929
289
194 756
305 392
945
972 667
567 239
75 848
473 5
633
686
738 532
